Feraligatr 505 781666278464946196 295288791810441217 1 471 0
Nidorino 109 781666780736389170 295288791810441217 1 54 0
Charizard 1787 781666651640561684 486548652995641375 2 1787 10
Natu 2960 781666719898796052 486548652995641375 3 2960 15
Conkeldurr 2755 781666278464946196 486548652995641375 3 2755 15
Spoink 3236 781666780736389170 296668484979392513 4 1865 10
Butterfree 3352 781666876170043392 296668484979392513 4 1676 10
Weezing 3018 781666876170043392 486548652995641375 4 3018 20
Joltik 3743 781666876170043392 486548652995641375 4 3743 20
Leavanny 3666 781666876170043392 486548652995641375 4 3666 20
Hypno 2982 781666780736389170 486548652995641375 3 2982 15
Crustle 1344 781666780736389170 296668484979392513 2 265 5
Tympole 1134 781666780736389170 296668484979392513 2 567 0
